/*--------------------------------*- C++ -*----------------------------------*\
  =========                 |
  \\      /  F ield         | OpenFOAM: The Open Source CFD Toolbox
   \\    /   O peration     | Website:  https://openfoam.org
    \\  /    A nd           | Version:  8
     \\/     M anipulation  |
\*---------------------------------------------------------------------------*/
FoamFile
{
    version     2.0;
    format      binary;
    class       cellSet;
    location    "constant/polyMesh/sets";
    object      MRFcyl_0;
}
// * * * * * * * * * * * * * * * * * * * * * * * * * * * * * * * * * * * * * //


285
(
78 
362 
385 
423 
581 
930 
942 
1007 
1019 
1044 
1076 
1093 
1135 
1234 
1262 
1272 
1274 
1277 
1309 
1344 
1368 
1409 
1465 
1485 
1488 
1503 
1530 
1533 
1545 
1578 
1600 
1604 
1633 
1637 
1723 
1740 
1772 
1823 
1956 
1990 
1995 
2006 
2039 
2055 
2060 
2133 
2157 
2169 
2199 
2232 
2234 
2310 
2382 
2458 
2476 
2488 
2564 
2583 
2622 
2648 
2663 
2690 
2701 
2711 
2754 
2768 
2788 
2810 
2814 
2839 
2866 
2882 
2886 
2895 
2933 
2981 
3050 
3056 
3061 
3074 
3101 
3113 
3122 
3172 
3176 
3195 
3219 
3251 
3260 
3266 
3274 
3289 
3291 
3314 
3316 
3331 
3334 
3337 
3348 
3373 
3408 
3409 
3456 
3471 
3477 
3506 
3527 
3561 
3570 
3583 
3590 
3633 
3712 
3781 
3787 
3804 
3824 
3847 
3860 
3886 
3924 
3957 
3989 
3996 
4001 
4012 
4034 
4039 
4041 
4053 
4111 
4121 
4136 
4184 
4189 
4197 
4282 
4284 
4287 
4295 
4354 
4393 
4409 
4412 
4423 
4433 
4461 
4467 
4470 
4484 
4504 
4505 
4537 
4566 
4605 
4611 
4618 
4689 
4691 
4717 
4730 
4736 
4738 
4756 
4759 
4768 
4773 
4804 
4833 
4851 
4857 
4879 
4936 
4956 
4966 
4971 
4982 
4986 
5000 
5017 
5019 
5023 
5063 
5073 
5107 
5113 
5121 
5125 
5158 
5179 
5180 
5187 
5198 
5216 
5228 
5260 
5309 
5336 
5343 
5362 
5374 
5390 
5395 
5396 
5402 
5421 
5467 
5499 
5501 
5503 
5516 
5517 
5523 
5532 
5544 
5580 
5596 
5597 
5609 
5639 
5643 
5674 
5677 
5696 
5698 
5711 
5720 
5725 
5728 
5737 
5761 
5783 
5787 
5790 
5800 
5816 
5839 
5853 
5866 
5869 
5871 
5875 
5903 
5906 
5911 
5922 
5927 
5930 
5933 
5952 
5955 
5975 
5983 
5984 
5988 
6011 
6019 
6022 
6029 
6038 
6058 
6061 
6099 
6104 
6191 
6192 
6193 
6194 
6268 
6311 
6312 
6360 
6362 
6369 
6385 
6386 
6388 
6389 
6390 
6393 
6394 
6397 
6398 
6443 
6444 
)

// ************************************************************************* //
