/*--------------------------------*- C++ -*----------------------------------*\
  =========                 |
  \\      /  F ield         | OpenFOAM: The Open Source CFD Toolbox
   \\    /   O peration     | Website:  https://openfoam.org
    \\  /    A nd           | Version:  8
     \\/     M anipulation  |
\*---------------------------------------------------------------------------*/
FoamFile
{
    version     2.0;
    format      binary;
    class       cellSet;
    location    "constant/polyMesh/sets";
    object      rotor;
}
// * * * * * * * * * * * * * * * * * * * * * * * * * * * * * * * * * * * * * //


285
(
5121 
3074 
5125 
2055 
2060 
4111 
1044 
4121 
3101 
5158 
4136 
3113 
6191 
6192 
6193 
6194 
3122 
1076 
5179 
5180 
5187 
1093 
5198 
78 
2133 
4184 
4189 
5216 
3172 
4197 
3176 
5228 
2157 
1135 
2169 
3195 
6268 
5260 
3219 
2199 
6311 
6312 
3251 
2232 
4282 
2234 
4284 
3260 
5309 
4287 
3266 
4295 
3274 
1234 
6360 
5336 
3289 
6362 
3291 
5343 
6369 
1262 
6385 
6386 
5362 
3314 
6388 
3316 
6389 
6390 
1272 
6393 
6394 
1274 
6397 
1277 
6398 
5374 
4354 
3331 
3334 
2310 
3337 
5390 
5395 
5396 
3348 
5402 
1309 
4393 
6443 
6444 
5421 
3373 
4409 
4412 
1344 
4423 
2382 
3408 
4433 
3409 
1368 
5467 
362 
4461 
4467 
4470 
5499 
5501 
5503 
3456 
1409 
385 
4484 
5516 
5517 
3471 
5523 
3477 
4504 
4505 
2458 
5532 
423 
5544 
2476 
3506 
2488 
4537 
1465 
3527 
5580 
1485 
1488 
4566 
5596 
5597 
1503 
5609 
3561 
3570 
1530 
4605 
1533 
3583 
4611 
2564 
3590 
5639 
1545 
4618 
5643 
2583 
5674 
1578 
5677 
3633 
2622 
5696 
1600 
5698 
1604 
581 
5711 
4689 
4691 
5720 
2648 
5725 
5728 
1633 
1637 
2663 
5737 
4717 
4730 
4736 
3712 
5761 
4738 
2690 
2701 
4756 
5783 
4759 
2711 
5787 
5790 
4768 
4773 
5800 
5816 
1723 
2754 
4804 
3781 
3787 
1740 
5839 
2768 
3804 
5853 
4833 
2788 
5866 
1772 
5869 
5871 
3824 
5875 
4851 
4857 
2810 
2814 
3847 
5903 
4879 
5906 
3860 
5911 
2839 
1823 
5922 
5927 
5930 
5933 
3886 
2866 
5952 
2882 
5955 
2886 
4936 
2895 
3924 
5975 
4956 
5983 
5984 
5988 
4966 
4971 
3957 
2933 
4982 
4986 
6011 
6019 
6022 
5000 
6029 
3989 
6038 
5017 
5019 
3996 
5023 
4001 
930 
1956 
2981 
6058 
4012 
6061 
942 
4034 
1990 
5063 
4039 
4041 
1995 
5073 
6099 
4053 
2006 
6104 
3050 
1007 
3056 
5107 
3061 
2039 
5113 
1019 
)

// ************************************************************************* //
